V 54
K 1
D 0 -1524000 4064000 1270000
Y 1
U 3683000 1270000 254000 0 2 3 REFDES=J?
U 3683000 1016000 254000 0 2 3 DEVICE=FH12-22S-0.5SVA_54_
U 3683000 762000 254000 0 2 0 PKG_TYPE=FH1222S05SVA54
U 3683000 508000 254000 0 2 0 Description=CONN FFC VERT 22POS 0.50MM SMD
U 3683000 254000 254000 0 2 0 Datasheet Link=https://www.hirose.com/en/product/document?clcode=CL0586-0813-6-54&productname=FH12-22S-0.5SVA(54)&series=FH12&documenttype=Catalog&lang=en&documentid=D31648_en
U 3683000 0 254000 0 2 0 Height=5.7
U 3683000 -254000 254000 0 2 0 Manufacturer_Name=Hirose
U 3683000 -508000 254000 0 2 0 Manufacturer_Part_Number=FH12-22S-0.5SVA(54)
U 3683000 -762000 254000 0 2 0 Mouser Part Number=798-FH1222S0.5SVA54
U 3683000 -1016000 254000 0 2 0 Mouser Price/Stock=https://www.mouser.co.uk/ProductDetail/Hirose-Connector/FH12-22S-0.5SVA54?qs=Gufeu08L%2Fl2Z7MeB1X5%252BAA%3D%3D
U 3683000 -1270000 254000 0 2 0 Arrow Part Number=
U 3683000 -1524000 254000 0 2 0 Arrow Price/Stock=
U 0 0 254000 0 1 0 FORWARD_PCB=1
l 5 508000 762000 3556000 762000 3556000 -1016000 508000 -1016000 508000 762000
|GRPHSTL -1 -1 -1 1
P 1 3302000 1270000 3302000 762000 0 0 0
L 3302000 685800 228600 1 8 0 1 0 1
A 3251200 914400 203200 1 3 3 #=1
A 0 0 9 0 3 0 PINTYPE=BI
P 2 3302000 -1524000 3302000 -1016000 0 1 0
L 3302000 -939800 228600 1 2 0 1 0 2
A 3251200 -1168400 203200 1 9 3 #=2
A 0 0 9 0 3 0 PINTYPE=BI
P 3 3048000 1270000 3048000 762000 0 0 0
L 3048000 685800 228600 1 8 0 1 0 3
A 2997200 914400 203200 1 3 3 #=3
A 0 0 9 0 3 0 PINTYPE=BI
P 4 3048000 -1524000 3048000 -1016000 0 1 0
L 3048000 -939800 228600 1 2 0 1 0 4
A 2997200 -1168400 203200 1 9 3 #=4
A 0 0 9 0 3 0 PINTYPE=BI
P 5 2794000 1270000 2794000 762000 0 0 0
L 2794000 685800 228600 1 8 0 1 0 5
A 2743200 914400 203200 1 3 3 #=5
A 0 0 9 0 3 0 PINTYPE=BI
P 6 2794000 -1524000 2794000 -1016000 0 1 0
L 2794000 -939800 228600 1 2 0 1 0 6
A 2743200 -1168400 203200 1 9 3 #=6
A 0 0 9 0 3 0 PINTYPE=BI
P 7 2540000 1270000 2540000 762000 0 0 0
L 2540000 685800 228600 1 8 0 1 0 7
A 2489200 914400 203200 1 3 3 #=7
A 0 0 9 0 3 0 PINTYPE=BI
P 8 2540000 -1524000 2540000 -1016000 0 1 0
L 2540000 -939800 228600 1 2 0 1 0 8
A 2489200 -1168400 203200 1 9 3 #=8
A 0 0 9 0 3 0 PINTYPE=BI
P 9 2286000 1270000 2286000 762000 0 0 0
L 2286000 685800 228600 1 8 0 1 0 9
A 2235200 914400 203200 1 3 3 #=9
A 0 0 9 0 3 0 PINTYPE=BI
P 10 2286000 -1524000 2286000 -1016000 0 1 0
L 2286000 -939800 228600 1 2 0 1 0 10
A 2235200 -1168400 203200 1 9 3 #=10
A 0 0 9 0 3 0 PINTYPE=BI
P 11 2032000 1270000 2032000 762000 0 0 0
L 2032000 685800 228600 1 8 0 1 0 11
A 1981200 914400 203200 1 3 3 #=11
A 0 0 9 0 3 0 PINTYPE=BI
P 12 2032000 -1524000 2032000 -1016000 0 1 0
L 2032000 -939800 228600 1 2 0 1 0 12
A 1981200 -1168400 203200 1 9 3 #=12
A 0 0 9 0 3 0 PINTYPE=BI
P 13 1778000 1270000 1778000 762000 0 0 0
L 1778000 685800 228600 1 8 0 1 0 13
A 1727200 914400 203200 1 3 3 #=13
A 0 0 9 0 3 0 PINTYPE=BI
P 14 1778000 -1524000 1778000 -1016000 0 1 0
L 1778000 -939800 228600 1 2 0 1 0 14
A 1727200 -1168400 203200 1 9 3 #=14
A 0 0 9 0 3 0 PINTYPE=BI
P 15 1524000 1270000 1524000 762000 0 0 0
L 1524000 685800 228600 1 8 0 1 0 15
A 1473200 914400 203200 1 3 3 #=15
A 0 0 9 0 3 0 PINTYPE=BI
P 16 1524000 -1524000 1524000 -1016000 0 1 0
L 1524000 -939800 228600 1 2 0 1 0 16
A 1473200 -1168400 203200 1 9 3 #=16
A 0 0 9 0 3 0 PINTYPE=BI
P 17 1270000 1270000 1270000 762000 0 0 0
L 1270000 685800 228600 1 8 0 1 0 17
A 1219200 914400 203200 1 3 3 #=17
A 0 0 9 0 3 0 PINTYPE=BI
P 18 1270000 -1524000 1270000 -1016000 0 1 0
L 1270000 -939800 228600 1 2 0 1 0 18
A 1219200 -1168400 203200 1 9 3 #=18
A 0 0 9 0 3 0 PINTYPE=BI
P 19 1016000 1270000 1016000 762000 0 0 0
L 1016000 685800 228600 1 8 0 1 0 19
A 965200 914400 203200 1 3 3 #=19
A 0 0 9 0 3 0 PINTYPE=BI
P 20 1016000 -1524000 1016000 -1016000 0 1 0
L 1016000 -939800 228600 1 2 0 1 0 20
A 965200 -1168400 203200 1 9 3 #=20
A 0 0 9 0 3 0 PINTYPE=BI
P 21 762000 1270000 762000 762000 0 0 0
L 762000 685800 228600 1 8 0 1 0 21
A 711200 914400 203200 1 3 3 #=21
A 0 0 9 0 3 0 PINTYPE=BI
P 22 762000 -1524000 762000 -1016000 0 1 0
L 762000 -939800 228600 1 2 0 1 0 22
A 711200 -1168400 203200 1 9 3 #=22
A 0 0 9 0 3 0 PINTYPE=BI
P 23 4064000 0 3556000 0 0 3 0
L 3479800 0 228600 0 8 0 1 0 MP1
A 3708400 50800 203200 0 3 3 #=MP1
A 0 0 9 0 3 0 PINTYPE=BI
P 24 4064000 -254000 3556000 -254000 0 3 0
L 3479800 -254000 228600 0 8 0 1 0 MP2
A 3708400 -203200 203200 0 3 3 #=MP2
A 0 0 9 0 3 0 PINTYPE=BI
P 25 0 0 508000 0 0 2 0
L 584200 0 228600 0 2 0 1 0 MP3
A 355600 50800 203200 0 9 3 #=MP3
A 0 0 9 0 3 0 PINTYPE=BI
P 26 0 -254000 508000 -254000 0 2 0
L 584200 -254000 228600 0 2 0 1 0 MP4
A 355600 -203200 203200 0 9 3 #=MP4
A 0 0 9 0 3 0 PINTYPE=BI
E
